1 6.687745910800685
2 5.020734688921414
3 5.586514488659032
4 5.759375262422759
5 5.405592460756202
6 6.511269760709451
7 6.109141626269711
8 4.979506079707073
9 5.776926500942373
10 4.654135842509232
11 4.187637301680701
12 5.163670172915209
13 6.004341721641104
14 4.638722061662782
15 4.172141192514171
16 5.764356627972734
17 3.572922165061117
18 6.168185790568954
19 5.221814656376764
20 4.23154897798393
21 4.483186134211843
22 4.181971837223851
23 4.217861602351908
24 3.8187041366366996
25 4.9647178773763025
26 3.067148328585333
27 4.2796122267250665
28 4.560442009369163
29 4.690489833220685

[(1, 196361150, 6.624611319462322), (1, 196361158, 6.624611319462322), (1, 196361161, 6.071881525647754), (1, 196361189, 6.434368005070873), (1, 196361222, 6.687745910800685), (1, 196361224, 6.687745910800685), (1, 196759495, 5.551830075260678), (3, 74566646, 5.586514488659032), (4, 26915040, 5.759375262422759), (6, 22575585, 6.076885604809637), (6, 22576894, 6.511269760709451), (6, 22576948, 5.523436580431201), (6, 22854273, 5.526000703445733), (7, 3161944, 6.109141626269711), (9, 15603076, 5.776926500942373), (13, 21425069, 5.5482062214314425), (13, 21533303, 6.004341721641104), (16, 12691091, 5.764356627972734), (18, 3629213, 5.648462171552945), (18, 3644846, 5.511466468505593), (18, 3657566, 6.168185790568954), (18, 6739780, 5.506397325280815)]
